time,ground_force_1_vx,ground_force_1_vy,ground_force_1_vz,ground_force_1_px,ground_force_1_py,ground_force_1_pz,ground_moment_1_mx,ground_moment_1_my,ground_moment_1_mz,ground_force_2_vx,ground_force_2_vy,ground_force_2_vz,ground_force_2_px,ground_force_2_py,ground_force_2_pz,ground_moment_2_mx,ground_moment_2_my,ground_moment_2_mz
35.01,-38.10521352,-0.549629301,-5.976898161,-0.000620735,4.74e-07,-0.001105068,4.46e-05,-0.022370396,0.000125561,-38.36457188041078,-0.65967617657207,-6.088941828505195,-0.000227167,6.39e-06,-0.000254194,-3.86e-07,0.000307977,-2.12e-06
35.02,-38.06097318,-1.598473405,-5.751829039,-0.000665527,1.6e-07,-0.001144978,4.73e-05,-0.023752603,0.000133319,-38.28715735441078,-1.0564462232305196,-6.108645719505195,-0.000226075,6.38e-06,-0.000256357,-3.72e-07,0.000296818,-2.04e-06
35.03,-37.95064354,4.322044231,-5.994108654,-0.000327702,6.18e-07,-0.00118347,5.41e-05,-0.027144216,0.000152355,-38.10466799641078,-0.969163869245163,-5.852809502505195,-0.000227227,6.37e-06,-0.000257437,-3.35e-07,0.000267098,-1.84e-06
35.04,-37.33767204,18.70352367,-3.179124502,-0.00013661,1.86e-06,-0.00102969,4.47e-05,-0.022412544,0.000125797,-38.34874195941078,-0.7935066163991653,-6.012342513505195,-0.000227977,6.39e-06,-0.000254237,-2.93e-07,0.000233774,-1.61e-06
35.05,-36.79532876,38.45970395,0.628751312,-0.000225446,1.44e-06,-0.001073937,4.72e-05,-0.023682223,0.000132924,-38.214272664410785,-0.7537351138493609,-6.045388016505195,-0.000226221,6.4e-06,-0.000252265,-4.15e-07,0.00033089,-2.28e-06
35.06,-37.23345928,61.74944246,1.644934156,-0.000180591,1.69e-06,-0.001044663,4.55e-05,-0.022845635,0.000128228,-38.26422236941078,-0.7869805482360803,-5.863557187505195,-0.000223025,6.41e-06,-0.000251849,-3.03e-07,0.000241852,-1.66e-06
35.07,-38.17074985,82.36187761,0.854664093,-0.000198825,1.7e-06,-0.001036983,4.47e-05,-0.022433974,0.000125918,-38.45012011441078,-0.960892388291338,-6.087725106505195,-0.000229195,6.38e-06,-0.000254413,-3.29e-07,0.000262288,-1.8e-06
35.08,-38.94933123,89.23746375,-1.414251281,-0.000187845,1.77e-06,-0.001027537,4.39e-05,-0.022025662,0.000123626,-38.14002928741078,-0.6354604110481024,-5.998441820505195,-0.00023202,6.37e-06,-0.00025551,-4.11e-07,0.000328054,-2.26e-06
35.09,-38.76302319,93.78111266,-2.274503636,-0.000187179,1.83e-06,-0.001017683,4.32e-05,-0.021668294,0.00012162,-38.227062366410784,-0.8050204385767721,-5.637892799505195,-0.000227213,6.38e-06,-0.000255874,-3.63e-07,0.000289339,-1.99e-06
35.1,-39.46570379,112.0626439,-4.441634945,-0.00018475,1.97e-06,-0.000993884,4.13e-05,-0.020738335,0.0001164,-38.23879606741078,-0.8826401833510751,-5.755030453505195,-0.000227373,6.39e-06,-0.000254139,-4.32e-07,0.000344963,-2.37e-06
35.11,-41.03834571,114.0474416,-10.92973318,-0.000181392,2.05e-06,-0.0009799,4e-05,-0.020082549,0.000112719,-38.02308394141078,-0.7274557347033159,-6.107742382505195,-0.000227628,6.37e-06,-0.000257507,-3.52e-07,0.000280639,-1.93e-06
35.12,-40.86190568,118.9753327,-10.75554303,-0.000182193,2.08e-06,-0.00097418,3.97e-05,-0.019901968,0.000111706,-38.02844284841078,-0.5428302363190252,-6.052301694505195,-0.000226948,6.4e-06,-0.000252469,-3.53e-07,0.000281247,-1.93e-06
35.13,-40.39462811,119.8360552,-10.01464278,-0.000181522,2.11e-06,-0.000969512,3.93e-05,-0.019744067,0.00011082,-38.08429946741078,-0.44080144262468224,-5.886294035505195,-0.0002293,6.41e-06,-0.000250221,-4.12e-07,0.000328295,-2.26e-06
35.14,-40.58320427,124.1217757,-11.20758039,-0.000181225,2.13e-06,-0.000965786,3.9e-05,-0.019556255,0.000109765,-38.229522294410785,-0.8732580006271942,-5.969215996505195,-0.00022827,6.37e-06,-0.000256585,-3.64e-07,0.000290509,-2e-06
35.15,-41.67755833,138.4736464,-13.23868634,-0.000179919,2.17e-06,-0.000959077,3.82e-05,-0.019193439,0.000107729,-38.17451631641078,-0.9960114041386632,-6.059430830505195,-0.000225535,6.37e-06,-0.000257124,-4.21e-07,0.00033548,-2.31e-06
35.16,-43.28187074,161.0909764,-15.60377857,-0.000178227,2.19e-06,-0.000955959,3.76e-05,-0.018871452,0.000105922,-38.08000186741078,-0.6524739416461891,-6.033716120505195,-0.000228228,6.4e-06,-0.00025286,-3.99e-07,0.000317923,-2.19e-06
35.17,-45.34134719,194.5244599,-17.42881369,-0.000177369,2.2e-06,-0.000954644,3.73e-05,-0.018698415,0.000104951,-37.961601476410785,-0.565515810779031,-5.982243018505195,-0.000229428,6.39e-06,-0.000253183,-3.18e-07,0.000253626,-1.74e-06
35.18,-47.96777647,236.1679659,-18.73027434,-0.000177135,2.2e-06,-0.00095529,3.71e-05,-0.018631826,0.000104577,-38.116092527410785,-0.6264285813648147,-5.919262209505195,-0.000225124,6.39e-06,-0.000255013,-3.74e-07,0.000298391,-2.05e-06
35.19,-50.0813896,285.4290203,-20.42529571,-0.000177086,2.2e-06,-0.000954931,3.69e-05,-0.018491981,0.000103792,-38.29589135941078,-0.5945305686384916,-5.902765804505195,-0.000227847,6.41e-06,-0.000250775,-3.55e-07,0.000283401,-1.95e-06
35.2,-51.8566724,335.6850477,-22.83027763,-0.000177548,2.21e-06,-0.00095368,3.64e-05,-0.018280998,0.000102608,-38.17548115341078,-0.794598280940157,-5.908705503505195,-0.000231132,6.38e-06,-0.000255341,-3.95e-07,0.000315168,-2.17e-06
35.21,-54.47684861,389.2957346,-25.54634945,-0.000177491,2.21e-06,-0.000952452,3.6e-05,-0.018076511,0.00010146,-38.18636128541078,-0.7770507875788173,-5.916188487505195,-0.00022828,6.39e-06,-0.000253918,-3.16e-07,0.000251686,-1.73e-06
35.22,-57.45496922,450.0525198,-29.03248035,-0.000177748,2.22e-06,-0.000950709,3.57e-05,-0.017904853,0.000100496,-38.17260692741078,-0.7666992867729299,-5.998763460505195,-0.000228542,6.39e-06,-0.000254155,-3.02e-07,0.000240746,-1.66e-06
35.23,-59.81999482,510.697041,-31.48848796,-0.000178459,2.23e-06,-0.000950063,3.52e-05,-0.017658667,9.91e-05,-38.16792881341078,-0.8397807282039356,-5.865425359505195,-0.000226992,6.39e-06,-0.000254529,-3.52e-07,0.000280873,-1.93e-06
35.24,-62.02529934,571.1117478,-32.81017962,-0.000178849,2.22e-06,-0.000951097,3.49e-05,-0.017492468,9.82e-05,-38.016842884410785,-0.6611676529347825,-6.115917818505195,-0.000224599,6.39e-06,-0.000253864,-2.91e-07,0.000231975,-1.6e-06
35.25,-64.33987559,630.2978622,-32.86459128,-0.000179214,2.21e-06,-0.000953063,3.47e-05,-0.017425331,9.78e-05,-38.07046496041078,-0.6473831284967169,-6.171251109505195,-0.000228103,6.38e-06,-0.000254699,-2.74e-07,0.000218577,-1.5e-06
35.26,-66.18666849,683.5818055,-32.00206295,-0.00017949,2.19e-06,-0.000955183,3.45e-05,-0.01730378,9.71e-05,-38.096601678410785,-0.9470364967528333,-5.898340373505195,-0.000228286,6.38e-06,-0.000255984,-2.93e-07,0.000234085,-1.61e-06
35.27,-67.66888696,727.8344455,-30.9226196,-0.00017975,2.18e-06,-0.000957078,3.43e-05,-0.017225071,9.67e-05,-37.96489332841078,-0.8967336150914189,-6.033937290505195,-0.000230542,6.37e-06,-0.000255855,-2.78e-07,0.00022169,-1.52e-06
35.28,-68.6816221,761.8478934,-29.79519585,-0.000179956,2.17e-06,-0.000958562,3.45e-05,-0.017295243,9.71e-05,-38.01707910841078,-0.7849473261546702,-6.117114061505195,-0.000228347,6.39e-06,-0.000254228,-3.06e-07,0.000244362,-1.68e-06
35.29,-69.56782734,785.5233659,-28.67266112,-0.000179876,2.17e-06,-0.000959872,3.43e-05,-0.017218826,9.66e-05,-37.99735434841078,-1.0319654470732846,-6.063541506505195,-0.000226076,6.36e-06,-0.000258475,-3.81e-07,0.000304102,-2.09e-06
35.3,-70.9252387,802.3328838,-27.5383518,-0.000179444,2.16e-06,-0.000960604,3.42e-05,-0.017174124,9.64e-05,-38.022914529410784,-0.825126453493036,-6.216537083505195,-0.000229836,6.38e-06,-0.000254918,-3.08e-07,0.000245578,-1.69e-06
35.31,-72.48884014,817.132438,-27.04080951,-0.000178602,2.17e-06,-0.000959986,3.42e-05,-0.0171413,9.62e-05,-38.119121359410784,-0.8319773550060461,-6.0410532985051955,-0.000224986,6.39e-06,-0.000254099,-2.91e-07,0.000232443,-1.6e-06
35.32,-73.80484271,826.6214622,-27.14466715,-0.000177642,2.18e-06,-0.000958899,3.41e-05,-0.017116026,9.61e-05,-38.18627017841078,-0.8072091296948969,-5.778088784505195,-0.000231909,6.36e-06,-0.000257733,-3.76e-07,0.000300144,-2.06e-06
35.33,-74.51591142,831.1895703,-26.70432153,-0.000176746,2.18e-06,-0.000958227,3.4e-05,-0.017069343,9.58e-05,-38.21987970841078,-0.7014060627846703,-5.981340934505195,-0.000228154,6.37e-06,-0.000256659,-4.05e-07,0.000322734,-2.22e-06
35.34,-74.71185055,834.6711842,-25.18670039,-0.000176042,2.18e-06,-0.000958269,3.42e-05,-0.017153029,9.63e-05,-38.16462595441078,-0.7536982298432875,-6.127697206505195,-0.000225465,6.39e-06,-0.000254609,-2.72e-07,0.000217219,-1.49e-06
35.35,-74.2807444,836.864089,-23.13448445,-0.000175556,2.18e-06,-0.000958687,3.46e-05,-0.017358369,9.74e-05,-37.834833577410784,-0.715571641921759,-6.162077269505195,-0.000231157,6.38e-06,-0.000254093,-3.33e-07,0.000265534,-1.83e-06
35.36,-73.46900625,835.547605,-20.82593615,-0.000175157,2.18e-06,-0.000959501,3.51e-05,-0.017622658,9.89e-05,-38.077201480410785,-0.8456560592607012,-5.976877162505195,-0.000227862,6.39e-06,-0.00025462,-3.45e-07,0.000275592,-1.9e-06
35.37,-72.73412063,831.0918897,-18.65420442,-0.000174806,2.17e-06,-0.000960496,3.57e-05,-0.01792725,0.000100622,-38.45414235141078,-0.7732913099813157,-5.852576416505195,-0.000225869,6.39e-06,-0.00025372,-2.67e-07,0.000213205,-1.47e-06
35.38,-71.8142664,822.5436711,-16.72479626,-0.00017438,2.17e-06,-0.000961264,3.62e-05,-0.018173375,0.000102004,-38.10670133441078,-0.859195960807396,-6.056814748505195,-0.000225094,6.39e-06,-0.000254082,-2.92e-07,0.000233101,-1.6e-06
35.39,-70.79353967,811.0237649,-14.94565357,-0.000174025,2.17e-06,-0.000962014,3.67e-05,-0.018423743,0.000103409,-37.87173159441078,-0.9525154272832594,-6.0027874505051955,-0.000226361,6.4e-06,-0.000253171,-3.56e-07,0.000284002,-1.95e-06
35.4,-70.08053799,797.4314019,-13.2923532,-0.00017365,2.16e-06,-0.000962731,3.72e-05,-0.018647459,0.000104665,-38.07820374641078,-0.6638087058295774,-6.077820026505195,-0.000228217,6.4e-06,-0.000252892,-3.39e-07,0.000270419,-1.86e-06
35.41,-69.45366487,781.3675348,-11.7476073,-0.000173251,2.16e-06,-0.000963469,3.77e-05,-0.018904528,0.000106107,-37.98107459141078,-0.5009689402057536,-5.971655799505195,-0.000230179,6.43e-06,-0.000247896,-3.27e-07,0.000260911,-1.79e-06
35.42,-68.43205287,765.9638333,-10.00782792,-0.000172957,2.16e-06,-0.000964135,3.82e-05,-0.019171314,0.000107605,-37.93143989541078,-0.6713714776632003,-5.797348744505195,-0.000227714,6.4e-06,-0.000251796,-2.8e-07,0.000223459,-1.54e-06
35.43,-67.51493712,751.3454095,-8.22652543,-0.000172713,2.15e-06,-0.000964751,3.86e-05,-0.019346325,0.000108587,-38.02496709941078,-0.8075445070487266,-6.006316601505195,-0.000228427,6.38e-06,-0.000255101,-3.79e-07,0.000302181,-2.08e-06
35.44,-67.1521827,738.1763697,-6.837592114,-0.000172345,2.15e-06,-0.000965102,3.89e-05,-0.019543895,0.000109696,-38.10339524941078,-0.6496813612113943,-5.959534531505195,-0.000223945,6.42e-06,-0.000250606,-4.33e-07,0.000345085,-2.37e-06
35.45,-67.13170407,727.4091494,-5.830310245,-0.000171951,2.15e-06,-0.000965165,3.92e-05,-0.019686606,0.000110497,-37.86462958141078,-0.7943563190592595,-5.910525661505195,-0.00022535,6.38e-06,-0.000256085,-4.65e-07,0.000370956,-2.55e-06
35.46,-66.77476396,717.5940583,-5.017256122,-0.000171641,2.15e-06,-0.000965294,3.94e-05,-0.019754581,0.000110879,-38.08736402941078,-1.005958461364001,-5.825389853505195,-0.000230228,6.38e-06,-0.000255128,-4.05e-07,0.00032331,-2.22e-06
35.47,-66.37501749,709.4617525,-3.990905933,-0.00017158,2.15e-06,-0.000965576,3.96e-05,-0.019858503,0.000111462,-38.31298282641078,-0.922056571052071,-5.885119900505195,-0.000227009,6.38e-06,-0.000255022,-3.15e-07,0.000251354,-1.73e-06
35.48,-66.19025204,703.8183019,-2.646466978,-0.000171929,2.15e-06,-0.000966187,4.01e-05,-0.020101596,0.000112826,-37.92379699641078,-0.7472543728985102,-5.929225001505195,-0.000225925,6.4e-06,-0.000252452,-4.1e-07,0.000327087,-2.25e-06
35.49,-65.43919511,699.9626324,-0.694681113,-0.000172419,2.14e-06,-0.000967161,4.03e-05,-0.020204802,0.000113406,-38.20701549041078,-0.8594391331479461,-5.771669904505195,-0.000228549,6.4e-06,-0.000251856,-2.88e-07,0.000230145,-1.58e-06
35.5,-64.70626462,698.0879139,1.308936,-0.000173219,2.13e-06,-0.000968108,4.06e-05,-0.020387752,0.000114432,-38.15921124141078,-0.6210693362828952,-5.866598131505195,-0.000231378,6.39e-06,-0.000253386,-3.79e-07,0.000302114,-2.08e-06
35.51,-63.95433377,697.0023953,2.936427336,-0.000174142,2.13e-06,-0.000969024,4.1e-05,-0.0205793,0.000115508,-38.31180673041078,-0.6424293073676282,-5.988951560505195,-0.000230492,6.39e-06,-0.00025273,-2.78e-07,0.000221683,-1.52e-06
35.52,-63.12489797,697.5712766,4.663741583,-0.000175033,2.12e-06,-0.000969783,4.13e-05,-0.020715463,0.000116272,-38.30259655541078,-0.8250843274964073,-5.838888396505195,-0.000229549,6.37e-06,-0.000256656,-2.5e-07,0.00019974,-1.37e-06
35.53,-62.93815826,699.4855626,5.841037213,-0.00017582,2.12e-06,-0.00096988,4.15e-05,-0.0208344,0.000116939,-37.92926564041078,-0.8343974139821686,-6.141919634505195,-0.000225909,6.39e-06,-0.0002549,-4.77e-07,0.000380852,-2.62e-06
35.54,-62.67830569,701.3622263,6.712353525,-0.000176491,2.12e-06,-0.000969446,4.15e-05,-0.020823837,0.00011688,-38.10018542941078,-0.9231922623114581,-6.142866135505195,-0.00022677,6.4e-06,-0.000252226,-4.18e-07,0.000333277,-2.29e-06
35.55,-62.31919303,703.5474716,7.320150237,-0.000177281,2.12e-06,-0.000968797,4.16e-05,-0.020875534,0.00011717,-38.21456769841078,-0.7120059178988747,-6.075025617505195,-0.000229352,6.38e-06,-0.000254478,-3.84e-07,0.000306211,-2.11e-06
35.56,-62.13203753,706.4042912,7.843115436,-0.000177893,2.12e-06,-0.000968148,4.16e-05,-0.020883275,0.000117214,-38.00890054941078,-0.7854961645666965,-5.9196598945051955,-0.000229096,6.37e-06,-0.000256997,-3.7e-07,0.000295081,-2.03e-06
35.57,-62.06592285,710.3292162,8.647256322,-0.000178601,2.13e-06,-0.000967271,4.17e-05,-0.020931004,0.000117482,-37.999744072410785,-0.7571461291242372,-5.968262663505195,-0.000229894,6.4e-06,-0.000251626,-3.9e-07,0.000310856,-2.14e-06
35.58,-61.8757315,715.065457,9.731475365,-0.000179259,2.13e-06,-0.000966431,4.17e-05,-0.020946348,0.000117568,-38.204232526410784,-0.9237557863000827,-5.9300886445051955,-0.000231283,6.37e-06,-0.000256157,-3.68e-07,0.000293444,-2.02e-06
35.59,-61.81141882,722.0916361,10.99874233,-0.000179826,2.14e-06,-0.000965199,4.17e-05,-0.020937839,0.00011752,-38.18001652441078,-0.9155192386115694,-5.873190139505195,-0.000224365,6.41e-06,-0.000252342,-3.26e-07,0.000259932,-1.79e-06
35.6,-61.89994799,729.2641893,11.92259216,-0.000180346,2.14e-06,-0.000963827,4.19e-05,-0.021013278,0.000117943,-38.29725507541078,-0.5303421841942093,-6.023444681505195,-0.00022209,6.43e-06,-0.000248435,-3.5e-07,0.000279422,-1.92e-06
35.61,-61.86934349,737.6137541,13.23040305,-0.000180575,2.15e-06,-0.00096195,4.22e-05,-0.021152523,0.000118725,-38.11876259241078,-0.744421747257233,-5.947885542505195,-0.000226916,6.37e-06,-0.000256512,-3.27e-07,0.000261094,-1.8e-06
35.62,-61.8440439,746.386593,14.6610351,-0.000180619,2.17e-06,-0.000959071,4.24e-05,-0.021258722,0.000119321,-38.020630143410784,-0.6975095731591896,-5.776390845505195,-0.000226496,6.4e-06,-0.000252668,-3.43e-07,0.00027379,-1.88e-06
35.63,-62.13887351,752.9160004,15.40449554,-0.000180388,2.19e-06,-0.000956118,4.25e-05,-0.021335657,0.000119753,-38.14022976541078,-0.40729821034360825,-5.903141279505195,-0.000226964,6.44e-06,-0.000247515,-3.59e-07,0.000286644,-1.97e-06
35.64,-62.54531466,758.1764473,16.21172919,-0.000180006,2.2e-06,-0.000953174,4.27e-05,-0.021404399,0.000120139,-38.15934289341078,-0.7185565653955415,-5.886301899505195,-0.000230455,6.39e-06,-0.000254006,-2.88e-07,0.000229718,-1.58e-06
35.65,-63.24116614,762.3299698,16.82111427,-0.000179534,2.22e-06,-0.000950426,4.27e-05,-0.021412443,0.000120184,-38.05303709941078,-0.636621942119719,-5.961145757505195,-0.000224488,6.4e-06,-0.000252469,-3.52e-07,0.000280589,-1.93e-06
35.66,-63.68877906,764.4837199,17.45088463,-0.000179136,2.24e-06,-0.000947922,4.26e-05,-0.021366038,0.000119923,-38.20328574941078,-0.6572568078580616,-6.112269073505195,-0.000228743,6.42e-06,-0.000249878,-3.65e-07,0.000290816,-2e-06
35.67,-63.68604705,764.8847359,18.38241193,-0.00017897,2.25e-06,-0.000945703,4.25e-05,-0.021315323,0.000119639,-38.07304906041078,-0.6681997932701442,-5.9290396775051954,-0.000232092,6.38e-06,-0.000254112,-3.01e-07,0.000240434,-1.65e-06
35.68,-63.80657505,765.8556446,19.75865735,-0.000178735,2.26e-06,-0.000944036,4.25e-05,-0.021333051,0.000119738,-38.14263444641078,-0.7460649812473168,-5.958722541505195,-0.000228248,6.38e-06,-0.0002555,-3.66e-07,0.000291848,-2.01e-06
35.69,-64.00648542,767.9789824,21.35489243,-0.000178575,2.27e-06,-0.000942235,4.25e-05,-0.021335577,0.000119752,-38.29488640441078,-0.7887065836685991,-5.884468410505195,-0.000227555,6.37e-06,-0.000256802,-3.61e-07,0.000288038,-1.98e-06
35.7,-64.28990552,769.550299,22.57595335,-0.000178274,2.28e-06,-0.000940154,4.26e-05,-0.021378186,0.000119992,-38.196451509410785,-0.5401150552753293,-6.010961700505195,-0.000230775,6.38e-06,-0.000254333,-2.51e-07,0.000199929,-1.37e-06
35.71,-64.56395603,772.5052787,24.01433618,-0.000177712,2.3e-06,-0.000937238,4.25e-05,-0.021338556,0.000119769,-38.31727213741078,-0.721640506469571,-5.836064016505195,-0.000228919,6.38e-06,-0.000255662,-3.19e-07,0.000254779,-1.75e-06
35.72,-65.01947773,775.2415859,25.22490249,-0.000176912,2.32e-06,-0.0009333,4.24e-05,-0.021272099,0.000119396,-38.13137050041078,-0.6648288131979516,-5.919316343505195,-0.000231481,6.39e-06,-0.000253551,-3.75e-07,0.000299322,-2.06e-06
35.73,-65.7011124,776.8919121,25.71056455,-0.000175965,2.35e-06,-0.000928753,4.25e-05,-0.021332816,0.000119737,-38.14363332541078,-0.6787228592249726,-5.951332823505195,-0.000230985,6.4e-06,-0.000251932,-3.44e-07,0.00027428,-1.89e-06
35.74,-66.11756691,777.9101335,26.35289935,-0.000174949,2.38e-06,-0.000923981,4.26e-05,-0.021377185,0.000119986,-37.89913623641078,-0.9622882883605826,-5.935422676505195,-0.000227835,6.39e-06,-0.000253796,-4.08e-07,0.000325614,-2.24e-06
35.75,-66.45764931,778.0166973,27.46178916,-0.000173853,2.41e-06,-0.000919218,4.25e-05,-0.021340592,0.000119781,-37.94795086841078,-0.5792399822991037,-6.156493742505195,-0.000232252,6.4e-06,-0.000251557,-4.39e-07,0.000350177,-2.41e-06
35.76,-67.09956397,778.8831326,28.21131106,-0.000172847,2.44e-06,-0.00091427,4.26e-05,-0.021380047,0.000120002,-38.239545719410785,-0.6377609946554941,-6.062227150505195,-0.00022664,6.39e-06,-0.000254053,-3.27e-07,0.000261031,-1.8e-06
35.77,-67.84121135,779.3284672,28.66555708,-0.0001718,2.47e-06,-0.000909468,4.28e-05,-0.021468956,0.000120501,-38.340422755410785,-0.8502439014155172,-6.071473643505195,-0.000225423,6.4e-06,-0.000252212,-3.88e-07,0.000309613,-2.13e-06
35.78,-68.5735008,779.0800449,29.18312785,-0.000170897,2.49e-06,-0.00090481,4.28e-05,-0.021459181,0.000120446,-38.28112974341078,-0.8414493118201065,-5.977138189505195,-0.000229177,6.4e-06,-0.000252656,-4.08e-07,0.000325169,-2.24e-06
35.79,-69.04897261,777.6585812,29.34152095,-0.000170213,2.52e-06,-0.000900366,4.28e-05,-0.021460734,0.000120455,-38.27997948441078,-0.7841645989273545,-5.913574090505195,-0.000226249,6.4e-06,-0.000252269,-2.51e-07,0.000200234,-1.38e-06
35.8,-69.25346203,776.2947185,29.63971303,-0.000169778,2.54e-06,-0.000896205,4.28e-05,-0.02149207,0.000120631,-38.16422068141078,-0.8296901364738165,-6.021831820505195,-0.00022747,6.39e-06,-0.000254242,-2.84e-07,0.000226426,-1.56e-06
35.81,-69.36059745,778.5861574,30.23382106,-0.000169549,2.57e-06,-0.000892078,4.3e-05,-0.021559902,0.000121012,-37.93650758341078,-0.7503498783639166,-6.075940124505195,-0.000226607,6.38e-06,-0.000255682,-3.75e-07,0.00029933,-2.06e-06
35.82,-69.1600181,783.0926176,30.97916165,-0.000169379,2.59e-06,-0.000887892,4.32e-05,-0.021693954,0.000121764,-38.22303037141078,-0.6323867138640171,-6.015917633505195,-0.000222783,6.41e-06,-0.000252467,-3.48e-07,0.000277882,-1.91e-06
35.83,-68.86001558,789.0220924,32.40594531,-0.00016913,2.62e-06,-0.000883515,4.37e-05,-0.02193424,0.000123113,-38.18339941241078,-0.7390158844730355,-5.816514920505195,-0.000225552,6.38e-06,-0.000256255,-2.67e-07,0.00021308,-1.47e-06
35.84,-68.51185055,795.1034574,34.28480832,-0.000168629,2.64e-06,-0.000878953,4.4e-05,-0.022070018,0.000123875,-37.96338214241078,-0.6938588368543392,-5.949085203505195,-0.000226948,6.39e-06,-0.000254725,-3.12e-07,0.000248841,-1.71e-06
35.85,-68.4741249,800.3482031,36.34408643,-0.000167964,2.67e-06,-0.000874596,4.41e-05,-0.022139694,0.000124266,-38.20385376641078,-0.4764429868932645,-6.162860820505195,-0.00022809,6.41e-06,-0.000251644,-1.99e-07,0.000159052,-1.09e-06
35.86,-68.92755177,806.5932539,38.30974075,-0.000167321,2.69e-06,-0.000870647,4.42e-05,-0.022196438,0.000124584,-38.05508663141078,-0.6432416858545036,-6.035449914505195,-0.000227367,6.38e-06,-0.000255455,-2.85e-07,0.000227443,-1.56e-06
35.87,-69.75448497,813.8895026,39.99818906,-0.00016666,2.71e-06,-0.000867248,4.43e-05,-0.022240631,0.000124832,-38.09473356841078,-0.8530643624374861,-5.990776328505195,-0.000230166,6.36e-06,-0.000257343,-3.88e-07,0.000309728,-2.13e-06
35.88,-70.42664879,820.9965873,42.06375295,-0.000166102,2.73e-06,-0.000864574,4.45e-05,-0.022312133,0.000125234,-38.243602556410785,-0.8541910002589859,-5.708337369505195,-0.000231343,6.4e-06,-0.000251639,-3.48e-07,0.000277728,-1.91e-06
35.89,-70.73994339,830.0719426,44.38961136,-0.000165991,2.74e-06,-0.000863015,4.48e-05,-0.022457839,0.000126051,-37.937453358410785,-0.6016550740479136,-6.126338932505195,-0.000226929,6.39e-06,-0.000253817,-3.43e-07,0.00027388,-1.88e-06
35.9,-71.11938833,841.2265134,47.35606756,-0.000166155,2.74e-06,-0.000862578,4.52e-05,-0.022685963,0.000127332,-38.003269757410784,-0.7385303200882412,-5.881477805505195,-0.000226818,6.41e-06,-0.000251719,-3.26e-07,0.000260291,-1.79e-06
35.91,-71.57780723,850.1653347,50.3860372,-0.000166216,2.74e-06,-0.000862344,4.54e-05,-0.022806364,0.000128008,-37.829528237410784,-0.5300635884022089,-6.457986498505195,-0.000232391,6.35e-06,-0.000258723,-1.73e-07,0.000138258,-9.51e-07
35.92,-72.37738067,855.459826,52.89882412,-0.000166277,2.74e-06,-0.000862075,4.55e-05,-0.022826095,0.000128118,-36.81523550741078,4.293442895922068,-9.251558725505195,-0.000256605,6.02e-06,-0.000302396,3.14e-07,-0.000250124,1.72e-06
35.93,-73.08262013,856.7719104,55.00684623,-0.000166234,2.75e-06,-0.000861724,4.54e-05,-0.022764659,0.000127774,-35.45260741841078,11.067487473821663,-13.568348912505195,-0.000277946,5.76e-06,-0.000337083,6.78e-07,-0.000540481,3.72e-06
35.94,-73.29008984,852.7774102,56.61356921,-0.000166172,2.75e-06,-0.000861424,4.52e-05,-0.022697986,0.000127399,-34.48259610841078,21.586664982079675,-20.511998150505196,-0.000293052,5.55e-06,-0.000363671,7.17e-07,-0.000572151,3.93e-06
35.95,-73.42627212,843.7416061,58.13266019,-0.000166253,2.75e-06,-0.000861151,4.51e-05,-0.022616995,0.000126945,-38.24204197741078,49.15431008515142,-12.173374057505196,-0.000300693,5.21e-06,-0.00041213,5.12e-08,-4.08e-05,2.81e-07
35.96,-73.09883058,829.7292526,58.86010941,-0.000166348,2.75e-06,-0.000860828,4.48e-05,-0.022460478,0.000126066,-46.47063497241078,105.55793250882357,8.704135899494805,-0.000304673,5.04e-06,-0.000436312,-3.23e-07,0.000257895,-1.77e-06
35.97,-72.12703351,809.1004193,58.77281141,-0.000166533,2.75e-06,-0.000860474,4.44e-05,-0.022287984,0.000125098,-52.760115522410786,177.3210691360636,15.028370619494805,-0.000306905,5.06e-06,-0.000433218,-2.2e-07,0.000175863,-1.21e-06
35.98,-70.54027421,780.5023249,58.10637837,-0.00016679,2.75e-06,-0.000860182,4.4e-05,-0.022069267,0.00012387,-57.578158302410785,221.67735878057576,-6.457613858505195,-0.000306678,5.12e-06,-0.000424655,-4.4e-08,3.51e-05,-2.41e-07
35.99,-68.09445352,742.571781,56.49007966,-0.00016724,2.75e-06,-0.000860086,4.36e-05,-0.021874453,0.000122777,-61.57832943241078,250.12033891719798,-33.4050334005052,-0.000307407,5.17e-06,-0.000416426,1.66e-07,-0.000132601,9.12e-07
36.0,-64.91620826,696.4034438,53.65270487,-0.00016787,2.75e-06,-0.000859989,4.32e-05,-0.021685219,0.000121715,-62.36516065241078,288.13899765445905,-46.159886090505196,-0.000309213,5.2e-06,-0.000411828,3.14e-07,-0.000250275,1.72e-06
36.01,-61.55517704,644.393341,49.78199063,-0.000168529,2.75e-06,-0.000859685,4.26e-05,-0.021389316,0.000120054,-59.78272699241079,326.5262452570556,-45.245722320505195,-0.000312566,5.2e-06,-0.000410922,2.85e-07,-0.000227465,1.56e-06
36.02,-58.34279388,586.7520242,44.68032069,-0.0001693,2.75e-06,-0.000859154,4.18e-05,-0.020969519,0.000117698,-51.97539039241078,356.65915561585854,-43.09665842050519,-0.000316408,5.21e-06,-0.000409575,-2e-07,0.000159667,-1.1e-06
36.03,-54.67790967,522.643802,38.64790725,-0.000169931,2.76e-06,-0.000858194,4.08e-05,-0.020476748,0.000114932,-40.821658203410784,374.0849860777853,-45.67544534050519,-0.000320605,5.22e-06,-0.000407796,-7.02e-07,0.000559845,-3.85e-06
36.04,-51.09457482,453.8625621,32.23594089,-0.000171028,2.76e-06,-0.000857726,3.97e-05,-0.019941453,0.000111927,-29.38169810841078,388.4307192252868,-47.94751851050519,-0.000324754,5.22e-06,-0.000405934,-9.1e-07,0.000726065,-4.99e-06
36.05,-47.86698378,383.7376937,25.82380835,-0.000172316,2.76e-06,-0.000857318,3.87e-05,-0.019400692,0.000108892,-20.46591293241078,407.2580611873034,-51.44088004050519,-0.000328153,5.23e-06,-0.000403916,-5.3e-07,0.000423056,-2.91e-06
36.06,-45.35725751,313.4142152,19.79758271,-0.000172892,2.77e-06,-0.000855565,3.75e-05,-0.018830209,0.00010569,-14.178238542410782,440.72358454905776,-55.408384020505196,-0.000331653,5.24e-06,-0.000401794,2.19e-07,-0.00017447,1.2e-06
36.07,-43.05513928,244.4515078,14.4183002,-0.000173169,2.78e-06,-0.000853184,3.63e-05,-0.018203255,0.000102171,-4.768001662410782,494.81359420774015,-63.91539618050519,-0.000336104,5.27e-06,-0.000397062,8.52e-07,-0.00067982,4.68e-06
36.08,-41.19104044,179.5302949,9.181840018,-0.000171333,2.81e-06,-0.000847918,3.48e-05,-0.017478691,9.81e-05,-0.8601939624107828,547.0015710018808,-77.2626845505052,-0.000338799,5.3e-06,-0.000391785,1.92e-06,-0.001531583,1.05e-05
36.09,-40.94198825,126.1028135,3.569285828,-0.000168566,2.86e-06,-0.000840561,3.3e-05,-0.01658428,9.31e-05,-0.7934173524107848,600.7846015904969,-87.3365752205052,-0.000340295,5.33e-06,-0.000387748,2.97e-06,-0.002372547,1.63e-05
36.1,-41.30046216,86.62783899,-0.712622422,-0.000161137,2.95e-06,-0.000827709,3.09e-05,-0.015512458,8.71e-05,1.7349201475892215,656.338467623672,-95.5050733405052,-0.000341329,5.35e-06,-0.000384385,3.33e-06,-0.002658615,1.83e-05
36.11,-41.17970323,59.7965481,-4.074059622,-0.000153677,3.04e-06,-0.000813185,2.91e-05,-0.014588489,8.19e-05,2.2847511675892207,707.1642153345506,-103.5302070605052,-0.000341864,5.37e-06,-0.000381554,3.84e-06,-0.003066656,2.11e-05
36.12,-41.35078777,42.08685307,-6.498721833,-0.000143863,3.16e-06,-0.000795907,2.73e-05,-0.013696496,7.69e-05,0.9724011275892153,751.1551024236742,-108.7228103905052,-0.000342041,5.38e-06,-0.000379459,4.38e-06,-0.003495983,2.4e-05
36.13,-41.07854246,30.10276667,-8.018546601,-0.000127932,3.3e-06,-0.000776179,2.56e-05,-0.012863149,7.22e-05,-0.15906775241078464,786.2186047907028,-109.2885808905052,-0.000342086,5.39e-06,-0.0003782,4.77e-06,-0.003807999,2.62e-05
36.14,-40.54163752,22.043528,-8.982890378,-0.000127264,3.33e-06,-0.000771329,2.52e-05,-0.012654566,7.1e-05,-0.8180171324107803,813.971403642753,-107.8497895905052,-0.000342174,5.4e-06,-0.000377224,5.11e-06,-0.004074175,2.8e-05
36.15,-40.24541259,14.81823962,-9.076619102,-0.00010008,3.55e-06,-0.000742244,2.34e-05,-0.011728078,6.58e-05,-1.3243284424107813,834.5052392166151,-105.3502978905052,-0.000342448,5.4e-06,-0.000376273,5.3e-06,-0.004228601,2.91e-05
36.16,-39.59186523,9.721895491,-8.675514612,-9.98e-05,3.48e-06,-0.000755014,2.42e-05,-0.012163384,6.83e-05,-1.4367181324107818,848.438353479132,-102.5303457505052,-0.000342849,5.41e-06,-0.000375228,5.51e-06,-0.004396576,3.02e-05
36.17,-38.26900221,3.507613403,-7.838356193,-2.4e-05,4.14e-06,-0.000664369,1.87e-05,-0.009375627,5.26e-05,-1.4381689424107833,855.5374096246314,-99.8553687105052,-0.000343162,5.42e-06,-0.000374049,5.76e-06,-0.004598383,3.16e-05
36.18,-37.23070401,-2.222956914,-7.180792282,-0.000260623,2.49e-06,-0.000874082,3.1e-05,-0.015563057,8.74e-05,-0.5609128224107849,855.9870172554614,-96.50200656050521,-0.000343685,5.43e-06,-0.000372561,5.87e-06,-0.004683988,3.22e-05
36.19,-37.20340271,-1.107899121,-6.985227772,-0.000883994,-1.71e-06,-0.001401038,6.12e-05,-0.030734794,0.000172508,0.6173249975892148,851.3750082236877,-93.5765807105052,-0.000344421,5.44e-06,-0.000370874,6.07e-06,-0.004839644,3.33e-05
36.2,-37.26242206,-0.62150222,-6.823609611,-0.000768649,-8.58e-07,-0.001289856,5.49e-05,-0.027536597,0.000154558,1.83963007758922,841.9305340456907,-90.7945106005052,-0.000345229,5.45e-06,-0.000369175,6.08e-06,-0.004853298,3.34e-05
36.21,-37.29450359,-0.955522002,-6.816808752,-0.000639662,-1.53e-07,-0.001210098,5.09e-05,-0.025535929,0.000143328,2.559904737589221,828.7656351998766,-87.4916588505052,-0.000345926,5.46e-06,-0.000367424,6.13e-06,-0.004889323,3.36e-05
36.22,-37.46298608,-0.920371558,-6.782514655,-0.000562018,4.63e-07,-0.00112785,4.59e-05,-0.02302455,0.000129232,1.5632628275892202,815.853191219492,-83.8502487105052,-0.000346487,5.47e-06,-0.000365796,6.12e-06,-0.0048855,3.36e-05
36.23,-37.33933067,-0.945288073,-6.635922904,-0.000645421,2.09e-07,-0.001143508,4.6e-05,-0.023062705,0.000129446,-0.2293682124107832,803.292245914735,-79.3793916905052,-0.000347296,5.49e-06,-0.000363739,6.06e-06,-0.004835871,3.33e-05
36.24,-37.3418849,-0.88833623,-6.735992843,-0.000587464,2.89e-07,-0.001149769,4.71e-05,-0.023620996,0.00013258,-1.737767502410783,788.45745745682,-75.4807254505052,-0.000348611,5.5e-06,-0.000360757,5.86e-06,-0.004677993,3.22e-05
36.25,-37.4520727,-0.881793761,-6.691110837,-0.000579799,2.49e-07,-0.001159658,4.81e-05,-0.024130508,0.00013544,-2.989638252410785,771.950637773563,-72.7493643405052,-0.000350296,5.53e-06,-0.000356954,5.44e-06,-0.004336098,2.98e-05
36.26,-37.41278548,-0.740926562,-6.643405772,-0.000722647,-6.22e-07,-0.001264077,5.4e-05,-0.027087993,0.00015204,-4.243596602410783,756.5698092662518,-70.6884687805052,-0.000352119,5.55e-06,-0.00035311,5.08e-06,-0.004054199,2.79e-05
36.27,-37.45518674,-1.141017625,-6.88161348,-0.000539648,8.78e-07,-0.001061845,4.12e-05,-0.020688394,0.00011612,-5.211990152410781,746.1965539994764,-67.2955605505052,-0.000353836,5.57e-06,-0.000349466,4.53e-06,-0.003617581,2.49e-05
36.28,-37.63126518,-1.078786121,-6.905574296,-0.000527551,9.9e-07,-0.00104617,4.03e-05,-0.020247195,0.000113644,-4.985068442410785,739.8609577648575,-63.599564150505195,-0.000355888,5.6e-06,-0.000345761,4.03e-06,-0.003211866,2.21e-05
36.29,-37.66681068,-0.937732856,-6.676594367,-0.000580007,6.21e-07,-0.001093214,4.32e-05,-0.021697524,0.000121784,-2.36277966241078,731.7176077665775,-61.8978485805052,-0.00035866,5.62e-06,-0.000341571,3.62e-06,-0.002884037,1.98e-05
36.3,-37.69150854,-1.005087301,-6.580284831,-0.00058956,5.04e-07,-0.001110659,4.46e-05,-0.02237899,0.000125609,1.1621579675892164,722.6353865479638,-60.94572173050519,-0.000361273,5.65e-06,-0.000337223,3.28e-06,-0.002614264,1.8e-05
36.31,-37.65032899,-0.904234411,-6.531880762,-0.000577785,1.92e-07,-0.001170503,4.91e-05,-0.024654127,0.000138379,4.780002337589217,718.2438729455689,-60.51284299050519,-0.00036355,5.67e-06,-0.000333661,2.98e-06,-0.002373515,1.63e-05
36.32,-37.70727244,-0.919078147,-6.563191257,-0.000627224,4.07e-07,-0.001114581,4.43e-05,-0.022239453,0.000124826,8.214037477589216,719.396710315899,-59.1317056605052,-0.000365357,5.69e-06,-0.000330969,2.93e-06,-0.00233798,1.61e-05
36.33,-37.61542878,-0.903837967,-6.599418839,-0.000658108,2.63e-07,-0.001129379,4.5e-05,-0.022584358,0.000126762,10.866161757589218,722.5282790757278,-55.811711030505194,-0.000366616,5.7e-06,-0.000329141,2.96e-06,-0.002357998,1.62e-05
36.34,-37.60375333,-0.90687153,-6.576433721,-0.00059714,8.13e-07,-0.001053066,4.01e-05,-0.020111146,0.00011288,12.863196077589215,726.863588635596,-52.5870199805052,-0.000367408,5.71e-06,-0.000327904,2.71e-06,-0.002160054,1.49e-05
36.35,-37.74498243,-0.979833597,-6.684387984,-0.000578835,8.58e-07,-0.001051404,4.02e-05,-0.020193438,0.000113342,13.29432660758922,730.7831535235155,-50.087386210505194,-0.000367735,5.71e-06,-0.000326829,2.3e-06,-0.001835682,1.26e-05
36.36,-37.7278907,-0.830517042,-6.430952874,-0.000677901,-2.82e-08,-0.001174203,4.83e-05,-0.024230337,0.000136,11.143589327589218,734.7058272919793,-47.77833309050519,-0.000367603,5.72e-06,-0.000325889,1.98e-06,-0.001581428,1.09e-05
36.37,-37.65881638,-0.73901192,-6.35003823,-0.000734746,-5.51e-07,-0.001247148,5.32e-05,-0.026700215,0.000149863,8.56100667758922,739.6011664135225,-45.68910919050519,-0.000367221,5.73e-06,-0.000325121,1.46e-06,-0.001164277,8.01e-06
36.38,-37.54546504,-0.821223888,-6.472755249,-0.000681483,-4.52e-08,-0.001175965,4.84e-05,-0.024268778,0.000136216,6.636262727589219,744.3249711978266,-43.44342705050519,-0.00036656,5.73e-06,-0.000324411,7.9e-07,-0.000630303,4.33e-06
36.39,-37.63610526,-0.835602766,-6.477682957,-0.000636006,-9.92e-08,-0.00120172,5.08e-05,-0.025488941,0.000143064,4.280796717589219,750.7618926089531,-40.9510171905052,-0.000365621,5.74e-06,-0.000323813,1.5e-07,-0.0001195,8.22e-07
36.4,-37.65899589,-0.832097287,-6.466894134,-0.000575397,-7.53e-08,-0.001218989,5.29e-05,-0.026522796,0.000148867,1.7957674775892158,759.075386016291,-38.655515930505196,-0.000364496,5.74e-06,-0.000323503,-4.52e-07,0.000360389,-2.48e-06
36.41,-37.66401717,-0.889265476,-6.226074187,-0.000640593,2.73e-07,-0.001133709,4.58e-05,-0.022975192,0.000128955,-0.5434881324107792,767.8559562881022,-36.093157540505196,-0.00036316,5.74e-06,-0.000323202,-9.32e-07,0.000743787,-5.12e-06
36.42,-37.6203846,-0.700386311,-6.41032428,-0.000788009,-8.5e-07,-0.001281439,5.49e-05,-0.027536639,0.000154558,-2.5538221824107836,774.5316111541867,-34.0338544105052,-0.000361793,5.75e-06,-0.000322877,-1.36e-06,0.001083522,-7.45e-06
36.43,-37.72257984,-0.695367257,-6.479202186,-0.000795812,-9.86e-07,-0.001303029,5.65e-05,-0.028355695,0.000159155,-3.8476046724107817,777.6296766917383,-32.1268579405052,-0.000360365,5.75e-06,-0.000322795,-1.77e-06,0.001414311,-9.73e-06
36.44,-37.70482865,-0.732666765,-6.364677434,-0.000847502,-1.18e-06,-0.001319147,5.7e-05,-0.028625148,0.000160667,-4.906901392410781,778.8179565207377,-29.105967210505195,-0.000358721,5.75e-06,-0.000323091,-1.99e-06,0.001590575,-1.09e-05
36.45,-37.69999839,-0.885348199,-6.246863992,-0.000625431,3.48e-07,-0.001125876,4.55e-05,-0.022848913,0.000128246,-6.172693052410782,781.2489951662028,-25.995037100505193,-0.000356981,5.75e-06,-0.000323522,-2.42e-06,0.001927789,-1.33e-05
36.46,-37.64294785,-1.046939845,-6.303126706,-0.000590961,7.49e-07,-0.00106652,4.15e-05,-0.02084794,0.000117015,-8.259842522410782,787.6667084833832,-21.323605540505195,-0.000355413,5.75e-06,-0.000323199,-2.93e-06,0.002340784,-1.61e-05
36.47,-37.7979151,-0.90695038,-6.31633454,-0.000597365,3.04e-07,-0.001143546,4.72e-05,-0.023702262,0.000133036,-11.086706572410783,794.3511641914374,-18.442480290505195,-0.000354261,5.77e-06,-0.000321176,-3.03e-06,0.002420222,-1.66e-05
36.48,-37.8852429,-0.745665214,-6.269789257,-0.000718959,-3.75e-07,-0.001221463,5.17e-05,-0.025963586,0.000145729,-13.339575512410782,797.9059406571748,-21.418364320505194,-0.00035342,5.8e-06,-0.000317321,-3.4e-06,0.002712352,-1.87e-05
36.49,-37.74691307,-0.680420906,-6.283214498,-0.00084373,-1.42e-06,-0.00136253,6.07e-05,-0.03043959,0.000170851,-15.382526182410782,797.3029174694036,-25.030551840505193,-0.000352921,5.83e-06,-0.000312553,-3.58e-06,0.002859175,-1.97e-05
36.5,-37.81098046,-0.753177169,-6.321904966,-0.000715286,-6.54e-07,-0.001272442,5.54e-05,-0.027790935,0.000155985,-16.73115647241078,793.1961375897839,-27.885294910505195,-0.000352702,5.86e-06,-0.000307719,-3.87e-06,0.003087149,-2.12e-05
36.51,-37.91075945,-0.782835585,-6.305379109,-0.00072069,1.08e-07,-0.001134778,4.51e-05,-0.022627751,0.000127005,-17.65610738241078,787.8070057588808,-28.957549790505194,-0.000352697,5.89e-06,-0.000303162,-4.06e-06,0.003240142,-2.23e-05
36.52,-37.70327159,-0.922373339,-6.233188347,-0.0006485,6.04e-07,-0.001071925,4.11e-05,-0.020625076,0.000115765,-18.079696582410783,782.3301130022629,-28.377800310505194,-0.00035288,5.92e-06,-0.000299195,-4.03e-06,0.003216745,-2.21e-05
36.53,-37.77301801,-0.923712737,-6.111401579,-0.000650674,1.58e-07,-0.001150686,4.73e-05,-0.023724626,0.000133162,-17.91999502241078,778.0666709328485,-28.188517300505193,-0.000353257,5.95e-06,-0.000295557,-4.11e-06,0.003275529,-2.25e-05
36.54,-37.69089987,-0.874225044,-6.310104512,-0.000605005,2.37e-07,-0.001152907,4.78e-05,-0.023999267,0.000134703,-17.596078672410783,772.8841300513351,-27.576945650505195,-0.000353803,5.97e-06,-0.000291981,-4.14e-06,0.003306468,-2.27e-05
36.55,-37.55422669,-0.72110164,-6.390983944,-0.000753293,-8.69e-07,-0.001297283,5.66e-05,-0.02840284,0.00015942,-17.118272502410782,767.1839240953383,-26.893361190505193,-0.000354348,5.99e-06,-0.000288667,-4.29e-06,0.003421762,-2.35e-05
36.56,-37.80018652,-0.877556896,-6.389679342,-0.000637822,3.93e-08,-0.001176411,4.89e-05,-0.024558688,0.000137843,-16.89496159241078,762.1099555423149,-26.346617990505194,-0.000354776,6.01e-06,-0.000285934,-4.51e-06,0.00359986,-2.48e-05
36.57,-37.78306018,-0.919423296,-6.219335127,-0.000649709,-1.17e-08,-0.001181279,4.94e-05,-0.024802204,0.00013921,-16.81094227241078,757.233375444191,-24.812806090505195,-0.000355047,6.03e-06,-0.000283761,-4.69e-06,0.003743672,-2.57e-05
36.58,-37.76052266,-0.687278745,-6.069035731,-0.000875084,-1.16e-06,-0.001306707,5.62e-05,-0.028209623,0.000158335,-17.081495822410783,754.3241661215662,-22.013205360505193,-0.000355332,6.04e-06,-0.000281876,-4.79e-06,0.003820974,-2.63e-05
36.59,-37.67819672,-0.931273178,-6.090054594,-0.000569156,6.18e-07,-0.001097616,4.41e-05,-0.022142844,0.000124283,-17.146085362410783,752.4470163059378,-19.759922190505193,-0.000355701,6.05e-06,-0.000280097,-4.89e-06,0.003899384,-2.68e-05
36.6,-37.77223631,-0.945824584,-6.185095003,-0.000561683,5.92e-07,-0.001104968,4.48e-05,-0.022460024,0.000126064,-17.20535359241078,751.8061064313434,-17.560740980505194,-0.000356063,6.06e-06,-0.000278288,-4.96e-06,0.003956478,-2.72e-05
36.61,-37.93422405,-0.820531197,-6.168242705,-0.000635495,5.89e-08,-0.001173742,4.9e-05,-0.024609494,0.000138128,-17.761509612410784,753.745662544699,-15.663150465505193,-0.00035628,6.08e-06,-0.000276187,-5.04e-06,0.004021541,-2.77e-05
36.62,-37.92651173,-0.894026706,-6.143171967,-0.000661708,2.31e-07,-0.001133785,4.58e-05,-0.023003,0.000129111,-17.752728922410782,755.1914223473273,-14.027187473505194,-0.000356484,6.09e-06,-0.000274058,-5.21e-06,0.004157495,-2.86e-05
36.63,-37.89213888,-0.918766235,-6.258506664,-0.000655137,4.15e-07,-0.001103359,4.35e-05,-0.021833183,0.000122545,-18.055779942410783,756.3816161031076,-11.951949061505195,-0.000356799,6.1e-06,-0.000271907,-5.16e-06,0.004119411,-2.83e-05
36.64,-37.94212927,-0.808848047,-6.052945622,-0.000594135,4.79e-07,-0.001113604,4.52e-05,-0.022704324,0.000127435,-17.86866481241078,757.8912121464595,-9.676203681505195,-0.000357116,6.12e-06,-0.000269865,-4.97e-06,0.003967935,-2.73e-05
36.65,-37.79173096,-0.845480109,-6.038485117,-0.000663768,3.94e-07,-0.00110406,4.37e-05,-0.021919909,0.000123032,-17.31779789241078,758.504757529855,-6.462966328505195,-0.000357407,6.13e-06,-0.000267868,-4.7e-06,0.003746816,-2.58e-05
36.66,-37.82877128,-1.006440828,-6.219268258,-0.000535094,7.81e-07,-0.001080802,4.33e-05,-0.021734747,0.000121993,-16.969640292410784,758.2175861814331,-3.339602317505195,-0.000357813,6.14e-06,-0.000265984,-4.41e-06,0.003514803,-2.42e-05
36.67,-37.79819455,-0.782627019,-6.17576042,-0.000635027,1.89e-07,-0.001150794,4.74e-05,-0.023803206,0.000133603,-16.00361103241078,755.5655217051783,0.19400270849480528,-0.000358178,6.16e-06,-0.000264327,-4.23e-06,0.003376324,-2.32e-05
36.68,-37.77227418,-0.864843498,-6.158457283,-0.00062122,6.04e-07,-0.001081652,4.23e-05,-0.021222752,0.000119119,-14.947553662410783,751.0090882772922,2.9413624124948052,-0.000358617,6.16e-06,-0.000262878,-4.03e-06,0.003214151,-2.21e-05
36.69,-37.79880442,-0.964672468,-6.3236417,-0.000607605,3.98e-07,-0.001123206,4.55e-05,-0.022820288,0.000128086,-13.39116591241078,747.4821567852086,4.824215509494805,-0.000358874,6.17e-06,-0.000261662,-3.99e-06,0.003184067,-2.19e-05
36.7,-37.86747012,-0.754519803,-6.176558389,-0.000792804,-7.05e-07,-0.001253904,5.34e-05,-0.02681016,0.00015048,-11.134655542410783,747.9026215495321,7.120769019494804,-0.000359028,6.18e-06,-0.000260852,-3.9e-06,0.003108015,-2.14e-05
36.71,-37.85750808,-0.802509564,-6.053219245,-0.000618695,3.18e-07,-0.001133524,4.64e-05,-0.023274091,0.000130633,-8.745753902410783,753.4357051436622,8.612602979494806,-0.000359243,6.18e-06,-0.000260266,-3.66e-06,0.002920975,-2.01e-05
36.72,-37.78434781,-0.679858074,-6.108063666,-0.000826495,-4.44e-07,-0.00119555,4.85e-05,-0.02435797,0.000136717,-6.770855322410782,761.4954731030884,11.694962589494807,-0.000359338,6.18e-06,-0.000259849,-3.58e-06,0.002852586,-1.96e-05
36.73,-37.99529745,-0.738717807,-5.963483713,-0.000840126,-6.34e-07,-0.001224502,5.09e-05,-0.02554459,0.000143377,-5.727694172410782,770.4593349767596,17.205436419494806,-0.000359276,6.19e-06,-0.000259714,-3.53e-06,0.002812838,-1.93e-05
36.74,-37.88300396,-0.821949865,-5.979905674,-0.000649257,-3.75e-07,-0.001246224,5.45e-05,-0.027352789,0.000153526,-4.879009322410781,779.4708962634693,23.426032359494805,-0.000359185,6.19e-06,-0.000259766,-3.53e-06,0.002818972,-1.94e-05
36.75,-37.68009979,-0.838571995,-5.9879366,-0.000729316,-3.12e-07,-0.001206577,5.05e-05,-0.025328231,0.000142162,-4.762363512410779,787.5697939817541,29.879971569494806,-0.000359157,6.19e-06,-0.000259743,-3.55e-06,0.00282897,-1.95e-05
36.76,-37.86494397,-0.743163101,-5.945565596,-0.000498244,1.26e-06,-0.00100878,3.85e-05,-0.019340438,0.000108554,-4.918208092410779,793.1759702315736,36.4679086494948,-0.000359012,6.19e-06,-0.000259736,-3.69e-06,0.00294675,-2.03e-05
36.77,-37.87183181,-0.533710065,-6.070669698,-0.000973108,-2.62e-06,-0.001531448,7.21e-05,-0.036182733,0.000203087,-5.201665192410783,796.434469190981,43.92695898949481,-0.000358877,6.19e-06,-0.000259802,-3.71e-06,0.002957859,-2.03e-05
36.78,-37.8031062,-0.812729846,-5.957489784,-0.000776497,-1.01e-06,-0.001314417,5.82e-05,-0.029227338,0.000164047,-4.517994272410782,798.279867949687,50.377151559494806,-0.000358805,6.19e-06,-0.000259648,-3.8e-06,0.00303052,-2.08e-05
36.79,-37.64959851,-0.744781604,-5.927846711,-0.00074446,-2.88e-08,-0.001150677,4.62e-05,-0.023166883,0.000130031,-3.209423662410785,798.3842019687513,56.53639573949481,-0.00035872,6.19e-06,-0.000259532,-3.79e-06,0.003023718,-2.08e-05
36.8,-37.97228674,-0.712733974,-5.961767569,-0.000805735,-4.72e-07,-0.001207842,5.01e-05,-0.025137407,0.000141091,-1.7041415224107794,798.4689318434762,61.31231096949481,-0.000358696,6.19e-06,-0.000259323,-3.69e-06,0.002941429,-2.02e-05
36.81,-37.93368483,-0.984779297,-6.041923049,-0.000558927,9.09e-07,-0.001049387,4.09e-05,-0.020510927,0.000115124,0.5656119975892153,798.1211614836132,63.7776250594948,-0.000358654,6.19e-06,-0.000258948,-3.63e-06,0.00289927,-1.99e-05
36.82,-37.77685728,-0.887028569,-5.918944696,-0.000635035,3.27e-07,-0.001126097,4.59e-05,-0.023018526,0.000129198,2.4275301275892147,796.3492775409047,66.7065976494948,-0.00035847,6.19e-06,-0.000258583,-3.38e-06,0.002697064,-1.85e-05
36.83,-37.79748517,-0.706450485,-5.850843291,-0.000793368,-1.26e-06,-0.001353265,6.1e-05,-0.03061122,0.000171815,4.363829477589221,793.1154561523841,70.1166635994948,-0.000358273,6.2e-06,-0.000258235,-3.33e-06,0.002657967,-1.83e-05
36.84,-37.7157222,-0.56337189,-5.871348618,-0.000945025,-2.04e-06,-0.001437,6.53e-05,-0.03274795,0.000183808,5.54796191758922,786.920107674459,75.0957662794948,-0.000358008,6.2e-06,-0.000258091,-3.27e-06,0.002606296,-1.79e-05
36.85,-37.8369495,-0.799406561,-5.6706241,-0.000719208,-2.73e-07,-0.001203105,5.09e-05,-0.025541779,0.000143361,5.629821547589216,777.2329611457754,81.0391509494948,-0.000357554,6.2e-06,-0.000258225,-3.23e-06,0.002573495,-1.77e-05
36.86,-37.89398137,-0.968637211,-5.763360748,-0.000598135,5.2e-07,-0.00110479,4.48e-05,-0.022478038,0.000126165,4.585849677589216,765.0203217042297,87.3049162294948,-0.000356987,6.2e-06,-0.000258315,-3.43e-06,0.00273802,-1.88e-05
36.87,-38.05652071,-0.924830693,-5.80619996,-0.000616398,6.54e-08,-0.001179353,5.02e-05,-0.025167239,0.000141259,2.092144767589218,748.4766891419098,94.4681137094948,-0.000356401,6.2e-06,-0.000258585,-3.54e-06,0.002821413,-1.94e-05
36.88,-37.98040896,-0.921392498,-5.810764571,-0.000586524,3.01e-07,-0.001148015,4.82e-05,-0.02418214,0.00013573,-2.0953603324107846,726.4411259125819,100.6862668094948,-0.000355643,6.2e-06,-0.000258946,-3.58e-06,0.002857034,-1.96e-05
36.89,-37.92322548,-1.010387564,-5.735280165,-0.000587813,7.95e-07,-0.001059549,4.15e-05,-0.020817489,0.000116844,-6.792940082410784,700.1559385609695,102.7574139094948,-0.000354696,6.2e-06,-0.000259092,-3.71e-06,0.002962955,-2.04e-05
36.9,-37.92755887,-1.064735097,-5.674579072,-0.000586042,7.35e-07,-0.001070881,4.25e-05,-0.021335047,0.000119749,-11.41184167241078,668.8863688751724,101.1937856094948,-0.000353813,6.2e-06,-0.000258988,-3.69e-06,0.002945927,-2.03e-05
36.91,-37.78567084,-1.047020593,-5.793740387,-0.000555714,1.04e-06,-0.001027011,3.94e-05,-0.01976581,0.000110942,-16.300733672410782,631.4074542965504,98.7774447094948,-0.000352862,6.2e-06,-0.000258781,-3.58e-06,0.002855797,-1.96e-05
36.92,-37.92972297,-0.91349437,-5.904752112,-0.000682257,3.22e-08,-0.001161898,4.8e-05,-0.024094168,0.000135236,-20.285878522410783,586.6864836706551,97.4092215094948,-0.000351823,6.2e-06,-0.000258665,-3.39e-06,0.002706126,-1.86e-05
36.93,-38.04499476,-0.639606691,-6.049010914,-0.000955257,-2.97e-06,-0.001599676,7.82e-05,-0.039250922,0.000220308,-23.07199147241078,533.5917718593557,95.5566800094948,-0.000350734,6.2e-06,-0.000258604,-3.11e-06,0.002483443,-1.71e-05
36.94,-38.11641766,-0.657915301,-6.099508937,-0.001425971,-5.71e-06,-0.00192136,9.64e-05,-0.04839691,0.000271642,-25.617223142410783,470.9852448984738,89.7054720294948,-0.000349161,6.21e-06,-0.000257341,-2.96e-06,0.002361059,-1.62e-05
36.95,-38.12447361,-0.664376914,-6.156928247,0.001233439,1.58e-05,0.000966776,-8.88e-05,0.044546469,-0.000250031,-28.260659634410782,398.54719418411963,80.6133443694948,-0.000347327,6.23e-06,-0.000255904,-2.66e-06,0.002124254,-1.46e-05
36.96,-37.94924584,-0.605669821,-6.130840337,0.000741494,1.14e-05,0.000353542,-4.87e-05,0.024414278,-0.000137033,-30.481215918410783,324.03486729876545,67.0608467894948,-0.000345391,6.24e-06,-0.000253936,-2.36e-06,0.001880246,-1.29e-05
36.97,-38.02982817,-0.778581413,-6.173771048,-0.001281104,-3.83e-06,-0.001637789,7.61e-05,-0.038207873,0.000214453,-31.42540716441078,254.7978825346129,48.483989329494804,-0.00034346,6.27e-06,-0.000250266,-2.05e-06,0.001631604,-1.12e-05
36.98,-38.09449926,-0.865917962,-6.41834793,-0.000468156,2.5e-06,-0.000798016,2.27e-05,-0.011397414,6.4e-05,-31.566783467410783,192.09285196866693,28.720128169494807,-0.000341629,6.3e-06,-0.000245627,-1.67e-06,0.001333918,-9.17e-06
36.99,-38.05419444,-0.831307296,-6.441706993,-0.000780691,-6.03e-07,-0.001240145,5.23e-05,-0.026228354,0.000147215,-32.62071651841078,144.80234620562575,11.305363979494807,-0.000339383,6.37e-06,-0.000237031,-1.4e-06,0.00111371,-7.66e-06
37.0,-38.23909729,-0.939677994,-6.35980572,-0.000615801,6.17e-07,-0.001081288,4.24e-05,-0.021257474,0.000119314,-33.297324851410785,110.26617038185859,-0.6571831215051951,-0.000337803,6.44e-06,-0.000227169,-1.17e-06,0.00093471,-6.43e-06
37.01,-38.23337773,-0.984046008,-6.399346843,-0.000623395,7.11e-07,-0.001061827,4.09e-05,-0.020531565,0.00011524,-33.959013504410784,85.92017985716883,-9.066835093505194,-0.000336764,6.5e-06,-0.000217579,-1.02e-06,0.000810834,-5.58e-06
37.02,-38.0263459,-1.007890167,-6.483757809,-0.000620436,8.96e-07,-0.001029991,3.83e-05,-0.019220999,0.000107884,-35.36176261241078,70.67792485078127,-14.008690151505196,-0.000334849,6.56e-06,-0.000210175,-8.05e-07,0.00064207,-4.42e-06
37.03,-37.79602375,-0.820283943,-6.483598421,-0.000695834,5.07e-07,-0.00107247,4.04e-05,-0.020274353,0.000113796,-35.84107614741078,57.57362825763903,-15.165487836505196,-0.000332217,6.6e-06,-0.000204421,-6.49e-07,0.000517825,-3.56e-06
37.04,-37.99425312,-0.803847822,-6.37062928,-0.000790003,3.78e-08,-0.001122636,4.33e-05,-0.021714412,0.000121879,-35.76016396241078,47.349966026267495,-15.649244708505194,-0.000331201,6.64e-06,-0.000199399,-5.81e-07,0.000463555,-3.19e-06
37.05,-38.12510567,-0.93640889,-6.573916851,-0.000647763,9.37e-07,-0.001012929,3.66e-05,-0.018384399,0.000103188,-35.20099599741078,39.343814576796554,-16.986843180505193,-0.000329187,6.66e-06,-0.000196463,-4.09e-07,0.000325982,-2.24e-06
37.06,-38.03535313,-0.751972958,-6.634833376,-0.000696701,5.48e-07,-0.001064934,3.98e-05,-0.019968351,0.000112078,-34.227941556410784,32.27136261378169,-19.164951640505194,-0.00032882,6.71e-06,-0.000189432,-1.5e-07,0.000119997,-8.25e-07
37.07,-38.10382525,-0.767449266,-6.535177932,-0.000717481,2.24e-07,-0.001115238,4.35e-05,-0.02182028,0.000122473,-33.33068502341078,27.759545148046485,-21.265087100505195,-0.000329378,6.74e-06,-0.000184811,9.82e-08,-7.83e-05,5.39e-07
37.08,-38.01185648,-0.667802106,-6.541966944,-0.000955814,-8.95e-07,-0.001229951,4.91e-05,-0.024615052,0.000138159,-34.125360838410785,23.32954652162011,-21.853978730505194,-0.000323489,6.74e-06,-0.000185891,2.9e-07,-0.000231009,1.59e-06
37.09,-37.95040904,-0.851535511,-6.337541841,-0.00069349,4.33e-07,-0.001086465,4.17e-05,-0.020919393,0.000117416,-36.24894330041078,15.62598652609322,-16.928205350505195,-0.000308249,6.72e-06,-0.000191328,3.69e-07,-0.000294114,2.02e-06
37.1,-38.05459195,-0.887147415,-6.390472649,-0.000595011,8.81e-07,-0.001041673,3.96e-05,-0.019859512,0.000111468,-38.19821862941078,1.7583344617295342,-7.723510410505195,-0.000245953,6.52e-06,-0.000232376,-2.07e-07,0.00016523,-1.14e-06
37.11,-38.00766124,-0.848276498,-6.383364603,-0.000620768,7.1e-07,-0.001062934,4.09e-05,-0.020511697,0.000115128,-38.97267433941078,-3.0471931054075636,-5.801471159505195,-0.000213746,6.39e-06,-0.000256714,-3.34e-07,0.000266236,-1.83e-06
37.12,-37.97644002,-0.807063751,-6.408696897,-0.000614574,4.18e-07,-0.001117152,4.5e-05,-0.022584262,0.000126761,-38.49677817941078,0.20893199256636485,-6.474368164505195,-0.000230938,6.41e-06,-0.000250899,-2.58e-07,0.000206129,-1.42e-06
